0010
0003
0009
0006
0008
0007
0005
0004
0010
0001
0002
0003
0005
0004
0009
0006
0010
0001
0002
0003
0005
0004
0009
0006
0010
0003
0009
0006
0008
0007
0005
0004
0010
0001
0002
0003
0005
0004
0009
0006
0010
0001
0002
0003
0005
0004
0009
0006
0001
0002
0003
0005
0008
0007
0006
0004
0009
0010
0008
0099
0010
0001
0002
0003
0005
0004
0009
0006
0008
0007
0010
0001
0002
0003
0005
0004
0009
0006
0008
0007
0010
0001
0002
0003
0005
0004
0009
0006
0008
0007
0008
0099
0010
0003
0009
0006
0008
0007
0005
0004
0010
0003
0009
0006
0008
0007
0005
0004
